# Per-frame oracle scale of DA-v2 Large divided by the scale fitted once per room, against the frame's
# median Faro depth (m); every fifth frame of the six test rooms, frames whose oracle fit gave a scale <= 0
# left out. Extracted from paper/analysis/*_scale_drift_da_large.json (rows[].oracle_s / per_scene.s,
# rows[].gt_median). Read by paper/latex/sections_short/04_results*.tex (pgfplots).
scene depth ratio
42444474 0.4780 0.6513
42444474 0.6610 1.1204
42444474 0.8430 1.4676
42444474 1.2180 1.6457
42444474 1.3470 0.8122
42444474 1.3850 0.4323
42444474 1.4850 0.7980
42444474 1.6140 0.7464
42444474 1.6270 0.9458
42444474 1.6370 1.0292
42444474 2.1420 0.7971
42444474 2.3160 0.6819
42444474 2.3640 0.5680
42444474 2.3610 0.5153
42444474 2.0910 0.9379
42444474 2.2260 1.0459
42444474 1.1390 1.3786
42444474 1.0600 1.6116
42444474 0.9440 1.5647
42444474 0.8830 1.5666
42444474 0.8560 1.5896
42444474 0.8960 1.9638
42444474 1.1840 1.6632
42444474 2.0270 1.0920
42444474 2.0280 1.2030
42444474 1.3640 1.3203
42444474 1.3480 1.3655
42444474 1.3210 1.4583
42444474 1.3730 1.3810
42444474 1.3670 1.1045
42444474 1.2970 1.1812
42444474 1.2330 1.2383
42444474 1.4690 1.3610
42444474 1.7780 1.0106
42444474 2.2960 0.9237
42444474 1.7420 1.1458
42444474 1.4660 0.8793
42444474 1.4520 0.8998
42444474 1.4820 1.1054
42444474 1.3510 1.2727
42444474 1.5130 1.0410
42444474 1.3560 1.0111
42444474 1.2970 1.1905
42444474 1.6390 1.1992
42444474 1.3290 1.5316
42444474 0.9760 1.5306
42444474 0.7480 1.9780
42897743 1.4980 1.3409
42897743 1.6210 1.0578
42897743 0.9940 1.6445
42897743 1.4090 0.8564
42897743 1.7280 0.8346
42897743 1.5270 1.1145
42897743 1.3610 1.0290
42897743 1.1400 1.4657
42897743 1.4890 1.2372
42897743 1.4270 1.2878
42897743 1.3480 1.3732
42897743 1.2240 1.5830
42897743 1.2200 1.2080
42897743 1.1460 1.2950
42897743 1.0900 1.0567
42897743 1.1800 1.1461
42897743 1.2370 1.0496
42897743 1.1980 1.0524
42897743 1.1360 1.1104
42897743 1.0520 1.2248
42897743 1.0030 1.3053
42897743 1.0730 1.2329
42897743 1.1070 1.1396
42897743 1.0680 1.1707
42897743 1.0410 1.1040
42897743 1.0620 1.0920
42897743 1.1360 0.9595
42897743 1.2330 0.8336
42897743 1.2330 0.8124
42897743 1.2340 0.9473
42897743 1.1980 1.0790
42897743 1.2310 1.0173
42897743 1.2680 0.9194
42897743 1.2510 0.9500
42897743 1.2270 0.9513
42897743 1.2740 0.8292
42897743 1.2650 0.8503
42897743 1.2980 0.6885
42897743 1.3670 0.7524
42897743 1.3330 0.5960
42897743 1.1990 0.6001
42897743 1.3900 0.7010
42897743 1.2790 0.5978
42897743 1.2400 0.7877
42897743 1.1790 0.8669
42897743 1.1435 1.0622
42897743 1.1650 0.8243
42897743 1.1950 0.8378
42897743 1.2010 0.8980
42897743 1.1920 0.8459
42897743 1.1900 0.8827
42897743 1.1380 0.7892
42897743 1.1200 0.8996
42897743 1.1320 1.0613
42897743 1.1800 1.2571
42897743 1.2010 1.1870
42897743 1.1980 1.2055
42897743 1.0520 1.3529
42897743 0.9420 1.4057
42897743 0.8410 1.8080
42897743 0.8240 2.0592
42897743 0.7350 2.2535
42897743 0.7280 2.1927
42897743 0.8120 1.9152
42897743 0.7290 2.1023
42897743 0.6900 2.1674
42897743 0.7180 2.0299
42897743 0.7620 2.0229
42897743 0.8040 1.8983
42897743 0.8650 1.8213
42897743 1.0170 1.4550
42897743 1.1140 1.2407
42897743 1.1510 1.0848
42897743 1.1560 1.1093
42897743 1.0080 1.4554
42897743 1.0130 1.3048
42897743 0.9870 1.1690
42897743 1.0510 1.0691
42897743 1.1130 1.0021
42897743 1.2030 1.0349
42897743 0.9380 1.4484
42897743 0.8240 1.5104
42897743 0.8460 1.4853
42897743 0.9330 1.3342
42897743 1.0620 1.1805
42897743 1.2210 1.0020
42897743 1.2970 0.9535
42897743 1.3800 0.8632
42897743 1.4610 0.8116
45261556 1.1850 1.0646
45261556 2.6460 0.7041
45261556 2.4730 0.6350
45261556 2.6770 0.6359
45261556 2.7160 0.6671
45261556 2.1950 0.8094
45261556 1.6210 0.9438
45261556 1.4600 1.0973
45261556 1.4200 1.0865
45261556 1.5220 1.0284
45261556 1.7100 0.9232
45261556 1.8710 0.8847
45261556 1.9630 0.7061
45261556 1.7740 0.5332
45261556 1.7570 0.6540
45261556 1.6550 0.5910
45261556 1.5280 0.9034
45261556 1.3460 1.0683
45261556 1.1970 1.1859
45261556 1.0780 1.6749
45261556 1.1200 1.2206
45261556 1.4620 0.8349
45261556 1.6110 0.7430
45261556 1.7080 0.6958
45261556 1.7470 0.6888
45261556 2.3060 0.6776
45261556 1.3650 1.0701
45261556 1.3060 1.0548
45261556 1.3050 0.9173
45261556 1.1400 1.4202
45261556 1.1280 1.3122
45261556 1.2650 1.3677
45261556 1.2410 1.0072
45261556 1.1680 1.4453
45261556 1.2010 1.2654
45261556 1.2460 1.1650
45261556 1.3960 0.9191
45261556 1.5340 0.7685
45261556 1.1920 1.0590
45261556 1.3580 0.8346
45261556 1.5920 0.6930
45261556 1.7550 0.6896
45261556 2.2260 0.7788
45261556 2.0190 0.7602
45261556 1.6460 0.6337
45261556 1.5440 0.9129
45261556 1.4160 1.0499
45261556 1.4290 1.1852
45261556 1.5750 1.1381
45261556 1.7270 0.7683
45261556 1.8300 0.7054
45261556 1.9780 0.5219
45261556 2.0360 0.5364
45261556 1.9400 0.5836
45261556 1.9160 0.5458
45261556 1.6930 0.6133
45261556 1.5040 0.7820
45261556 1.3770 0.9313
45261556 1.2530 1.0754
45261556 1.3155 0.9494
45261556 1.5180 0.8408
45261556 1.6550 0.7726
45261556 1.5430 0.8512
45261556 1.4670 0.8438
45261556 1.6900 0.7447
45261556 1.7540 0.7390
45261556 1.8030 0.5599
45261556 1.7490 0.7912
45261556 1.7710 0.7912
45261556 1.6790 0.9806
45261556 2.2070 0.8183
45261556 1.9340 0.6186
45261556 1.7630 0.5116
45261556 1.5120 1.1487
45261556 1.3460 1.1167
45261556 1.4860 0.8838
45261556 1.6180 0.8241
45261556 1.6720 0.7257
45261556 1.6370 0.7617
45261556 0.9660 1.7024
45261556 1.1610 1.3452
45261556 1.2550 1.1065
45261556 1.4600 1.0809
45261556 1.5770 0.8436
45261556 1.2100 1.3687
45261556 0.6970 2.7158
45261556 0.8520 1.6034
45261556 1.3150 0.9826
45261556 1.4170 0.7499
45261556 1.4180 0.8942
45261556 1.4500 0.8855
45261556 1.4490 1.0495
45261556 1.5610 0.7626
47115299 1.2880 1.3100
47115299 1.3140 1.1710
47115299 1.2450 1.1661
47115299 1.2580 1.1187
47115299 1.2580 1.1118
47115299 1.2380 1.0328
47115299 1.4190 0.9541
47115299 1.3530 1.0362
47115299 1.1250 1.0818
47115299 0.9700 1.1791
47115299 0.8520 1.3971
47115299 0.7260 1.8289
47115299 0.6430 2.5273
47115299 0.6570 4.0575
47115299 0.7700 4.1433
47115299 0.8670 3.6157
47115299 0.9130 3.8504
47115299 1.0280 2.9091
47115299 1.0630 1.4751
47115299 1.3280 1.0639
47115299 1.5680 1.3288
47115299 1.3765 1.2582
47115299 1.0850 1.4408
47115299 0.9030 1.6474
47115299 0.6360 2.3325
47115299 0.6660 1.8822
47115299 0.5880 2.2619
47115299 0.7870 1.9917
47115299 1.0760 1.3564
47115299 1.3440 0.9923
47115299 1.4290 0.8868
47115299 1.4340 0.9346
47115299 1.2280 1.1417
47115299 1.4680 0.9451
47115299 1.2750 1.1687
47115299 0.9250 1.4464
47115299 0.7750 1.8248
47115299 0.8940 1.4053
47115299 2.1830 0.6989
47115299 1.9330 0.7000
47115299 1.6260 0.8104
47115299 1.5090 1.0450
47115299 1.2920 0.9582
47115299 1.3180 0.8351
47115299 1.5010 0.8125
47115299 1.5130 0.7459
47115299 1.4400 0.8520
47115299 1.3550 0.8858
47115299 1.3365 0.9384
47115299 1.2910 1.0085
47115299 1.2340 1.1891
47115299 1.0770 1.3922
47115299 1.0800 1.3525
47115299 1.1360 0.9667
47115299 1.5750 0.8828
47115299 1.6340 0.9434
47115299 1.6140 0.6265
47115299 1.4530 0.7687
47115299 1.3350 0.8019
47115299 1.1380 0.8981
47115299 1.1230 0.5837
47115299 2.0640 1.1477
47115299 1.4430 1.0686
47115299 1.1800 1.0854
47115299 1.3250 1.0506
47333774 0.4060 1.3725
47333774 0.7670 0.6235
47333774 1.0730 3.0478
47333774 1.3160 2.2550
47333774 1.4980 1.7456
47333774 1.6860 1.7283
47333774 1.6310 1.5222
47333774 1.8680 1.5161
47333774 1.7290 1.4040
47333774 1.2170 1.8938
47333774 2.1040 1.5874
47333774 2.1040 1.5680
47333774 0.8860 2.8961
47333774 0.7720 3.9013
47333774 1.2100 1.9132
47333774 2.0000 1.1803
47333774 2.2080 0.7127
47333774 2.2490 0.7494
47333774 2.2560 0.8476
47333774 1.4990 1.5449
47333774 1.0390 2.4725
47333774 0.9190 2.9118
47333774 1.2670 2.4398
47333774 2.0550 1.7382
47333774 2.0920 1.9425
47333774 1.5640 1.8097
47333774 1.5330 2.0234
47333774 1.5220 1.5135
47333774 1.8000 1.1138
47333774 1.9250 1.1943
47333774 1.6740 1.9123
47333774 1.5620 1.3277
47333774 1.6250 1.1960
47333774 1.3510 1.6503
47333774 1.0990 2.3394
47333774 0.6640 4.4819
47333774 0.9610 3.6170
47333774 1.2310 2.1781
47333774 1.5520 1.6063
47333774 1.6660 1.8723
47333774 2.8990 1.3071
47333774 2.1880 1.4666
47333774 2.3930 1.4092
47333774 1.4020 1.9365
47333774 1.6410 1.5569
47333774 1.6530 1.1442
47333774 1.4670 1.0257
47333774 1.3390 1.2087
47333774 1.2800 1.4559
47333774 1.2900 1.6258
47333774 1.3830 1.3350
47333774 1.4870 0.9832
47333774 1.5490 0.7454
47333774 1.5020 1.6586
47333774 1.4670 1.1813
47333774 1.4790 1.3924
47333774 1.5220 1.4941
47333774 1.5510 1.3829
47333774 1.5240 1.3067
47333774 1.4980 0.9122
47333774 1.5870 0.9640
47333774 1.6120 1.1816
47333774 1.8050 1.2519
47333774 2.0080 0.8281
47333774 2.1760 0.7446
47333774 2.2060 0.8201
47333774 2.1400 0.8419
47333774 1.9500 1.3746
47333774 1.7440 1.5408
47333774 1.7760 1.4536
47333774 2.2550 1.1189
47333774 1.6790 1.5534
47333774 1.2820 1.9835
47333774 0.4470 1.6304
47429736 0.3900 0.4682
47429736 0.6990 0.6977
47429736 0.8080 1.2437
47429736 1.0600 1.0232
47429736 1.1890 0.8301
47429736 1.3350 1.0957
47429736 1.0860 0.9567
47429736 1.1610 0.8635
47429736 1.0220 1.1693
47429736 0.8630 1.4746
47429736 0.8240 1.2690
47429736 0.9030 0.9461
47429736 0.9340 1.0383
47429736 0.9390 0.7483
47429736 0.9090 0.8258
47429736 0.8660 0.9586
47429736 0.8010 0.9473
47429736 0.7950 1.0145
47429736 0.8520 1.0861
47429736 1.0830 0.8587
47429736 0.8290 0.9398
47429736 0.7750 0.8724
47429736 0.8850 0.8781
47429736 0.9670 0.7408
47429736 0.9400 0.7555
47429736 1.0910 1.0556
47429736 1.4350 0.9721
47429736 1.3970 0.8641
47429736 1.2720 0.9881
47429736 1.1910 0.9848
47429736 0.9120 1.1844
47429736 0.7310 1.3600
47429736 0.7440 1.4912
47429736 0.6970 1.7835
47429736 1.2940 0.7700
47429736 1.5120 0.6186
47429736 1.1150 1.2182
47429736 1.1620 1.2147
47429736 1.2330 1.2173
47429736 1.1950 1.2023
47429736 1.1610 0.9320
47429736 1.2520 0.6045
47429736 1.3400 0.5694
47429736 1.3205 0.6225
47429736 1.0890 0.8282
47429736 0.9770 1.1197
47429736 0.9960 1.2920
47429736 1.0540 0.8479
47429736 0.9740 1.2135
47429736 1.0770 0.9753
47429736 1.1600 0.8042
47429736 1.3150 0.6627
47429736 1.3200 0.7405
47429736 1.2480 0.8752
47429736 1.0950 1.0212
47429736 1.0460 1.3800
47429736 0.9910 1.2957
47429736 0.9840 0.9654
47429736 0.9590 0.9739
47429736 0.8560 1.0295
47429736 0.7310 1.0906
47429736 0.7330 1.0071
47429736 0.7970 1.1412
47429736 0.9010 0.8770
47429736 0.7870 0.5977
47429736 0.8050 0.7596
47429736 0.8780 0.7364
47429736 0.9850 0.9814
47429736 0.8710 0.8436
47429736 0.8130 0.6504
47429736 0.8650 0.7946
47429736 1.0400 0.9276
47429736 0.9310 1.2670
47429736 0.9210 1.3053
47429736 0.9390 1.3154
47429736 0.8410 1.3637
47429736 0.7930 1.4363
47429736 0.9390 1.4772
47429736 1.1050 1.7967
47429736 1.1730 1.3912
47429736 1.1910 1.0658
47429736 1.3150 0.5573
47429736 1.2150 0.4273
47429736 1.2190 0.6237
47429736 1.0860 0.6984
47429736 0.9550 0.7828
47429736 1.1640 0.7044
47429736 1.3090 0.5715
47429736 1.3720 0.5006
47429736 1.3490 0.5196
47429736 1.4420 0.6341
47429736 1.1020 0.8476
47429736 1.0060 1.0229
47429736 0.8960 0.9205
47429736 0.8200 1.1308
47429736 1.0370 1.1874
47429736 0.8390 1.5085
47429736 0.9550 1.1168
47429736 1.0360 1.0282
47429736 0.9180 0.6526
47429736 0.5150 0.3995
